SetDesc: 'wwsidis_pdf'
Authors: N/A
Reference: N/A
Format: lhagrid1
DataVersion:     1
NumMembers:     1
SetIndex: 00000
Flavors: [-3, -2, -1, 1, 2, 3]
OrderQCD:     0
FlavorScheme: variable
NumFlavors: 3
ErrorType: hessian
ErrorConfLevel: 90
XMin:   0.000000E+00
XMax:   1.000000E+00
QMin:   1.295000E+00
QMax:   1.000000E+05
MZ:  91.1870
MUp:   0.0010
MDown:   0.0010
MStrange:   0.2000
MCharm:   1.3000
MBottom:   4.7500
MTop: 172.0000
AlphaS_MZ:  0.135000
AlphaS_OrderQCD:     0
AlphaS_Type: ipol
AlphaS_Qs: [ 1.29500E+00, 1.29875E+00, 1.46461E+00, 1.65924E+00, 1.89067E+00, 2.16749E+00, 2.50067E+00, 2.90430E+00, 3.39664E+00, 4.00145E+00, 4.75000E+00, 5.76715E+00, 7.07072E+00, 8.75819E+00, 1.09657E+01, 1.38856E+01, 1.77929E+01, 2.30855E+01, 3.03471E+01, 4.04448E+01, 5.46864E+01, 7.50724E+01, 1.04712E+02, 1.48517E+02, 2.14380E+02, 3.15212E+02, 4.72537E+02, 7.22946E+02, 1.12995E+03, 1.80616E+03, 2.95593E+03, 4.95886E+03, 8.53814E+03, 1.51079E+04, 2.75107E+04, 5.16275E+04, 1.00000E+05]
AlphaS_Vals: [ 4.81257E-01, 4.80300E-01, 4.46121E-01, 4.15451E-01, 3.87567E-01, 3.62133E-01, 3.38861E-01, 3.17508E-01, 2.97866E-01, 2.79755E-01, 2.63020E-01, 2.47601E-01, 2.33241E-01, 2.19850E-01, 2.07347E-01, 1.95660E-01, 1.84725E-01, 1.74484E-01, 1.64883E-01, 1.55875E-01, 1.47417E-01, 1.39468E-01, 1.31994E-01, 1.24960E-01, 1.18337E-01, 1.12097E-01, 1.06215E-01, 1.00668E-01, 9.54326E-02, 9.04903E-02, 8.58223E-02, 8.14116E-02, 7.72423E-02, 7.32998E-02, 6.95704E-02, 6.60414E-02, 6.27010E-02]
